0.000003
0.000001
0.000001
0.000001
0.000001
0.000000
0.000001
0.000000
0.000001
0.000001
0.000001
0.000001
0.000001
0.000000
0.000002
0.000001
0.000001
0.000001
0.000001
0.000002
0.000001
0.000002
0.000001
0.000002
0.000002
0.000002
0.000003
0.000002
0.000003
0.000002
0.000003
0.000002
0.000002
0.000003
0.000002
0.000003
0.000003
0.000003
0.000003
0.000003
0.000003
0.000004
0.000004
0.000004
0.000003
0.000003
0.000005
0.000004
0.000004
0.000003
0.000004
0.000004
0.000004
0.000004
0.000004
0.000004
0.000004
0.000005
0.000004
0.000005
0.000005
0.000004
0.000004
0.000005
0.000004
0.000004
0.000005
0.000004
0.000004
0.000005
0.000005
0.000007
0.000006
0.000006
0.000005
0.000005
0.000005
0.000004
0.000003
0.000006
0.000006
0.000002
0.000006
0.000003
0.000007
0.000007
0.000003
0.000007
0.000002
0.000006
0.000004
0.000005
0.000007
0.000007
0.000002
0.000006
0.000016
0.000005
0.000007
0.000003
0.000002
0.000008
0.000004
0.000009
0.000004
0.000008
0.000008
0.000009
0.000008
0.000004
0.000003
0.000003
0.000008
0.000009
0.000003
0.000010
0.000006
0.000009
0.000004
0.000006
0.000010
0.000004
0.000009
0.000010
0.000005
0.000010
0.000011
0.000005
0.000009
0.000009
0.000006
0.000005
0.000010
0.000010
0.000011
0.000012
0.000011
0.000005
0.000012
0.000005
0.000011
0.000004
0.000012
0.000004
0.014672
0.056092
0.102427
0.100682
0.086742
0.107594
0.089913
0.090173
0.086033
0.122823
0.092516
0.089655
0.095506
0.098197
0.096665
0.092973
0.091273
0.093446
0.086410
0.113066
0.074092
0.072902
0.082743
0.077523
0.081183
0.090918
0.079890
0.082340
0.096208
0.128497
0.093818
0.105259
0.095784
0.093813
0.089231
0.085379
0.082071
0.081497
0.098947
0.148049
0.100448
0.093142
0.096829
0.099065
0.105157
0.096971
0.093155
0.095879
0.085267
0.142534
0.095070
0.089600
0.091180
0.083831
0.086410
0.094690
0.085601
0.096613
0.085757
0.158710
0.088032
0.081587
0.084777
0.095491
0.091733
0.101348
0.098201
0.107823
0.103075
0.201105
0.097816
0.106256
0.096325
0.094035
0.080137
0.082550
0.086860
0.080750
0.103450
0.164612
0.077387
0.074167
0.076205
0.083132
0.081282
0.086774
0.077356
0.080658
0.081029
0.167060
0.072125
0.072330
0.091825
0.085252
0.084475
0.085365
0.083846
0.088079
0.099244
0.200411
0.093776
0.091341
0.093119
0.094574
0.094951
0.125693
0.095989
0.096999
0.093584
0.191422
0.081326
0.079611
0.087500
0.088328
0.075821
0.076177
0.072509
0.073891
0.078153
0.189785
0.085267
0.076862
0.086685
0.077768
0.084903
0.083802
0.102582
0.091759
0.088615
0.205913
0.086085
0.081595
0.089646
0.091915
0.091886
0.096791
0.091874
0.088639
0.089182
0.221393
0.092398
0.095585
0.089978
0.093123
0.085743
0.080510
0.099988
0.090886
0.093050
0.230472
0.079372
0.085170
0.085512
0.087500
0.081223
0.099422
0.087454
0.114943
0.077754
0.225474
0.073228
0.079018
0.079549
0.080633
0.080103
0.086958
0.084628
0.095119
0.085682
0.234629
0.038446
0.000140
0.000030
0.000030
0.000029
0.000017
0.000029
0.000025
0.000037
0.104253
0.096285
0.090862
0.079018
0.077216
0.119497
0.104195
0.082628
0.080129
0.251787
0.080552
0.082151
0.085562
0.088865
0.083949
0.080385
0.075446
0.076696
0.075451
0.280668
0.097690
0.097234
0.107339
0.095818
0.099483
0.115279
0.095146
0.091738
0.095018
0.134329
0.098083
0.103783
0.101448
0.093546
0.090248
0.085992
0.086411
0.088527
0.094081
0.286216
0.091340
0.088146
0.090528
0.081558
0.092413
0.108097
0.109927
0.104533
0.089787
0.287844
0.090028
0.085055
0.093192
0.092896
0.098272
0.105475
0.093823
0.109869
0.099177
0.295888
0.100172
0.091958
0.078783
0.083081
0.089686
0.091718
0.112946
0.093374
0.093698
0.297696
0.080584
0.090964
0.095328
0.096153
0.098940
0.099734
0.109500
0.101676
0.095276
0.315957
0.093225
0.096680
0.094554
0.094250
0.098348
0.108738
0.111110
0.109164
0.094270
0.331539
0.095043
0.139362
0.093873
0.085900
0.092130
0.102967
0.094046
0.100973
0.101840
0.108681
0.117193
0.080041
0.090587
0.093848
0.102669
0.098139
0.092591
0.102757
0.095025
0.335634
0.110505
0.089012
0.086949
0.098770
0.095730
0.098323
0.095757
0.095860
0.095918
0.254514
0.095560
0.096085
0.100721
0.093914
0.101281
0.083173
0.096025
0.092655
0.096526
0.354665
0.091420
0.083246
0.079898
0.098828
0.102101
0.106111
0.087696
0.086942
0.091709
0.402081
0.082777
0.103960
0.089741
0.084254
0.076096
0.074664
0.075083
0.077731
0.088018
0.381668
0.092114
0.093827
0.100313
0.091674
0.000289
0.000061
0.000052
0.029866
0.034598
0.079733
0.096880
0.078563
0.077237
0.084204
0.078913
0.081003
0.384635
0.083826
0.083210
0.078312
0.103604
0.078395
0.086721
0.105655
0.078409
0.095420
0.413877
0.100835
0.097123
0.096858
0.106860
0.095160
0.090456
0.095534
0.107833
0.312404
0.000047
0.000032
0.000053
0.000047
0.000047
0.000048
0.000046
0.000053
0.000074
0.000058
0.000048
0.042785
0.068302
0.110341
0.108753
0.110825
0.100827
0.098440
0.089685
0.085051
0.419779
0.081125
0.083391
0.090362
0.099578
0.109879
0.093465
0.101683
0.152545
0.105551
0.461092
0.105614
0.111250
0.110059
0.107971
0.095298
0.092714
0.097273
0.102088
0.096186
0.497463
0.088908
0.075870
0.077666
0.076528
0.084460
0.082585
0.075378
0.084720
0.088565
0.454808
0.088911
0.082353
0.091561
0.083271
0.087614
0.093267
0.084571
0.081390
0.090994
0.446203
0.091132
0.082538
0.085099
0.092318
0.117122
0.093064
0.091773
0.098755
0.102339
0.446041
0.093717
0.092242
0.107353
0.072590
0.104949
0.089957
0.090713
0.134670
0.083668
0.097951
0.095275
0.088324
0.087072
0.078666
0.088194
0.092907
0.084694
0.081538
0.085888
0.456277
0.078343
0.074504
0.082139
0.082005
0.093361
0.094736
0.114278
0.093291
0.090067
0.481927
0.099084
0.093070
0.093395
0.018624
0.057312
0.053188
0.055098
0.091615
0.088699
0.085403
0.093922
0.078930
0.084666
0.076935
0.086930
0.090051
0.096835
0.096691
0.106936
0.550379
0.094485
0.085006
0.086513
0.082296
0.094049
0.088634
0.081279
0.112565
0.088773
0.483186
0.094110
0.095077
0.097573
0.093326
0.093701
0.100087
0.099398
0.111963
0.094098
0.522153
0.055223
0.000216
0.000060
0.000062
0.040326
0.040840
0.046453
0.109441
0.088790
0.088223
0.090099
0.090802
0.085282
0.542458
0.098530
0.089656
0.104435
0.096332
0.097601
0.095939
0.100184
0.091916
0.119828
0.559530
0.101102
0.085739
0.101800
0.109599
0.113774
0.088022
0.000496
0.000066
0.000063
0.000065
0.000065
0.065095
0.102247
0.112670
0.086497
0.100147
0.098643
0.103725
0.099152
0.097713
0.593984
0.097758
0.090696
0.090097
0.091930
0.091386
0.100966
0.080802
0.104490
0.095414
0.076978
0.091944
0.090869
0.108482
0.126521
0.092825
0.075765
0.078554
0.082891
0.081203
0.557881
0.087651
0.081474
0.081572
0.081762
0.080205
0.090711
0.086560
0.091353
0.081158
0.577952
0.105321
0.082682
0.099689
0.083808
0.077118
0.104003
0.101135
0.094500
0.093237
0.587173
0.093896
0.092052
0.093590
0.102149
0.112561
0.107436
0.091105
0.090373
0.113320
0.091971
0.090098
0.095594
0.089691
0.104536
0.091627
0.082940
0.080645
0.078794
0.084409
0.598293
0.080054
0.092429
0.109071
0.102597
0.087484
0.093076
0.101349
0.094012
0.091308
0.606907
0.099943
0.100363
0.091854
0.099903
0.097150
0.099133
0.096810
0.105681
0.102630
0.626171
0.093161
0.094696
0.090655
0.095077
0.095616
0.092917
0.117668
0.041939
0.542285
0.000071
0.000072
0.000072
0.000089
0.000080
0.000078
0.102974
0.099308
0.092329
0.113504
0.094035
0.098155
0.097396
0.088870
0.091620
0.639927
0.086907
0.099968
0.081115
0.083350
0.077783
0.085950
0.109744
0.089269
0.087021
0.704723
0.094658
0.091379
0.112286
0.095835
0.099154
0.082447
0.036810
0.075060
0.096570
0.109045
0.099201
0.109425
0.096381
0.108077
0.124342
0.103499
0.109976
0.088038
0.080368
0.695283
0.095840
0.091697
0.096136
0.096160
0.090478
0.125862
0.097056
0.088131
0.088999
0.090886
0.092099
0.110373
0.100024
0.087862
0.092776
0.087670
0.092789
0.096451
0.085354
0.738952
0.091554
0.099578
0.091112
0.090526
0.100327
0.093961
0.091712
0.099368
0.098882
0.091136
0.097204
0.084275
0.093576
0.087117
0.074606
0.099898
0.084508
0.086133
0.102493
0.124435
0.086795
0.108774
0.103173
0.102349
0.098555
0.097260
0.083171
0.094530
0.091479
0.751877
0.090000
0.100074
0.117637
0.116584
0.091358
0.092732
0.103757
0.094039
0.094132
0.747799
0.109504
0.089322
0.092282
0.084521
0.093230
0.082570
0.112023
0.088976
0.094663
0.094409
0.082552
0.123586
0.133329
0.084839
0.081836
0.094759
0.080373
0.093428
0.101005
0.782501
0.092652
0.090737
0.094829
0.089850
0.090422
0.086380
0.093670
0.098477
0.087405
0.812695
0.107025
0.094521
0.126370
0.115486
0.112028
0.102539
0.092887
0.111190
0.093911
0.867743
0.089001
0.077455
0.102426
0.079296
0.073798
0.082155
0.084524
0.073235
0.074684
0.081689
0.078354
0.075238
0.086344
0.078100
0.083032
0.079154
0.094265
0.126398
0.105255
0.803587
0.116228
0.086085
0.073305
0.074416
0.077974
0.079667
0.090027
0.086870
0.082679
0.085618
0.102668
0.091224
0.099458
0.096920
0.094266
0.094653
0.091722
0.101220
0.132644
0.859735
0.088495
0.079949
0.084908
0.084317
0.088140
0.086720
0.078336
0.092779
0.132897
0.854362
0.110896
0.071420
0.102469
0.112330
0.000326
0.017537
0.000202
0.000093
0.000092
0.000106
0.000104
0.000091
0.041442
0.106513
0.100608
0.106774
0.096020
0.093045
0.094829
0.087829
0.088535
0.813007
0.088454
0.110494
0.086216
0.080878
0.086542
0.077759
0.082977
0.082762
0.088534
0.854740
0.084779
0.080978
0.088454
0.086639
0.086754
0.088110
0.091429
0.090237
0.093720
0.089523
0.099872
0.091443
0.082860
0.087382
0.098854
0.101712
0.089515
0.086673
0.088754
0.093612
0.101403
0.117570
0.087526
0.092971
0.090801
0.091732
0.087477
0.081675
0.000718
0.000109
0.000121
0.000114
0.000108
0.000100
0.004085
0.000116
0.000097
0.000101
0.000098
0.041279
0.098552
0.099001
0.096985
0.092817
0.090744
0.096146
0.094248
0.094757
0.092413
0.099328
0.095162
0.100401
0.086137
0.084223
0.087979
0.084182
0.087442
0.077923
0.094441
0.102853
0.096617
0.088747
0.079916
0.088562
0.085190
0.085171
0.121398
0.128711
0.904558
0.088259
0.091891
0.096243
0.098072
0.095244
0.097219
0.097393
0.081628
0.100478
0.927164
0.084449
0.094835
0.084616
0.085884
0.079166
0.080283
0.080854
0.079014
0.076894
0.873023
0.083545
0.078387
0.089791
0.085968
0.085138
0.090213
0.086809
0.090358
0.094883
0.935672
0.095735
0.096115
0.082813
0.135315
0.086558
0.103063
0.093487
0.121238
0.096290
0.950445
0.089852
0.094405
0.094678
0.094709
0.085710
0.093791
0.088053
0.092479
0.085635
0.085856
0.084620
0.090000
0.069016
0.068657
0.072568
0.067997
0.071648
0.069518
0.076056
0.090893
0.088780
0.090457
0.094540
0.099559
0.091322
0.104737
0.122615
0.104017
0.088895
0.086459
0.091331
0.092235
0.099197
0.088370
0.091944
0.094410
0.093866
0.095392
0.094838
