0.000004
0.000001
0.000001
0.000001
0.000001
0.000001
0.000002
0.000001
0.000002
0.000002
0.000002
0.000002
0.000001
0.000002
0.000002
0.000002
0.000001
0.000002
0.000002
0.000002
0.000002
0.000001
0.000001
0.000003
0.000002
0.000001
0.000002
0.000003
0.000002
0.000002
0.000002
0.000002
0.000003
0.000003
0.000003
0.000003
0.000002
0.000003
0.000003
0.000002
0.000002
0.000004
0.000003
0.000002
0.000004
0.000004
0.000002
0.000004
0.000004
0.000004
0.000003
0.000004
0.000004
0.000003
0.000005
0.000005
0.000003
0.000005
0.000005
0.000004
0.000005
0.000002
0.000003
0.000003
0.000004
0.000005
0.000006
0.000002
0.000004
0.000005
0.000005
0.000006
0.000006
0.000006
0.000005
0.000006
0.000003
0.000003
0.000004
0.000003
0.000007
0.000004
0.000004
0.000008
0.000008
0.000006
0.000007
0.000008
0.000008
0.000006
0.000003
0.000008
0.000003
0.000003
0.000006
0.000006
0.000008
0.000004
0.000008
0.000008
0.000008
0.000010
0.000009
0.000007
0.000009
0.000009
0.000007
0.000008
0.000010
0.000010
0.000006
0.000009
0.000009
0.000003
0.000007
0.000008
0.000010
0.000006
0.000007
0.000011
0.000009
0.000012
0.000010
0.000005
0.000009
0.000013
0.000011
0.000012
0.000009
0.000011
0.000015
0.000011
0.000010
0.000010
0.000010
0.000011
0.000011
0.000004
0.000012
0.000011
0.000009
0.000005
0.000012
0.000005
0.014239
0.053886
0.185765
0.212138
0.222024
0.247811
0.249656
0.236341
0.223393
0.272683
0.246000
0.226209
0.240324
0.263009
0.273142
0.281165
0.304639
0.309157
0.307131
0.343651
0.183073
0.166132
0.174827
0.199229
0.194197
0.205607
0.206465
0.190571
0.206038
0.247062
0.206843
0.248865
0.239063
0.241076
0.225110
0.188119
0.175695
0.186863
0.215553
0.279655
0.238673
0.212138
0.236835
0.215170
0.213368
0.211939
0.211920
0.201439
0.202053
0.298057
0.200568
0.188524
0.196801
0.186295
0.184151
0.182431
0.181708
0.186836
0.177855
0.283894
0.176418
0.189438
0.285161
0.296201
0.301231
0.312952
0.317015
0.305697
0.285140
0.420136
0.320447
0.303860
0.311050
0.308506
0.198502
0.189441
0.191384
0.184009
0.180027
0.323511
0.174740
0.177176
0.176155
0.191237
0.191641
0.192864
0.191873
0.161776
0.191946
0.337409
0.179485
0.196165
0.202748
0.185445
0.171434
0.183900
0.258810
0.260985
0.300211
0.437766
0.298315
0.285225
0.293984
0.263626
0.265049
0.298188
0.296164
0.289303
0.234182
0.419172
0.220763
0.195876
0.217136
0.202908
0.185438
0.200499
0.187398
0.202207
0.197756
0.412610
0.185837
0.183741
0.185978
0.187715
0.189002
0.189511
0.214945
0.191153
0.193174
0.420377
0.230157
0.228173
0.282830
0.280621
0.278136
0.280956
0.242440
0.228830
0.203964
0.477811
0.262379
0.267802
0.259336
0.263903
0.239238
0.233735
0.374654
0.387890
0.542773
0.879094
0.589874
0.598250
0.645483
0.636768
0.626544
0.610086
0.668275
0.695737
0.495200
0.865652
0.359226
0.350745
0.349964
0.393216
0.437053
0.411014
0.387174
0.323978
0.240706
0.528807
0.024202
0.000156
0.000027
0.000032
0.000028
0.000030
0.000030
0.000034
0.000028
0.160461
0.353857
0.471245
0.581318
0.613119
0.644009
0.639354
0.582369
0.605931
1.150520
0.697841
0.702587
0.708839
0.696511
0.683511
0.634739
0.628174
0.654984
0.643933
1.231551
0.668624
0.663045
0.704562
0.555487
0.432781
0.354230
0.382199
0.384286
0.421324
0.972837
0.448724
0.456851
0.634628
0.855418
0.882080
0.886460
0.944146
0.869492
0.887617
1.246015
0.613242
0.657954
0.626611
0.536268
0.436145
0.489149
0.388964
0.310993
0.263382
0.891506
0.302133
0.271588
0.315645
0.260717
0.249399
0.212074
0.172944
0.138613
0.169422
0.825788
0.253400
0.240634
0.166599
0.349734
0.471766
0.586614
0.691451
0.768639
0.630260
1.249520
0.462484
0.545301
0.499581
0.524136
0.539275
0.439171
0.411834
0.289281
0.129340
0.969437
0.178080
0.161291
0.161572
0.160603
0.176287
0.480875
0.526545
0.543554
0.527215
1.180111
0.412994
0.320885
0.277912
0.169192
0.132264
0.146239
0.186225
0.237529
0.250374
1.179076
0.621196
0.648696
0.722336
0.752179
0.838439
0.946242
0.886041
0.912399
0.878007
1.704640
0.808156
0.727149
0.707118
0.589217
0.487940
0.432107
0.394295
0.337065
0.207262
0.931148
0.101423
0.154952
0.164570
0.179299
0.146617
0.107639
0.151311
0.290393
0.421089
1.519392
0.578897
0.634185
0.910114
1.103498
1.069440
1.017043
0.926674
0.828104
0.723566
1.535754
0.438120
0.388792
0.384170
0.378806
0.417212
0.368394
0.374382
0.375652
0.387293
1.432035
0.369286
0.365760
0.296346
0.216814
1.094879
0.000046
0.000049
0.029500
0.033708
0.219580
0.390602
0.414110
0.482179
0.500389
0.506706
0.556887
1.689080
0.614954
0.582470
0.559573
0.528818
0.620441
0.544112
0.562139
0.542819
0.567749
1.691543
0.487488
0.498557
0.521779
0.481752
0.421408
0.357516
0.284124
0.193472
1.167923
0.000054
0.000051
0.000054
0.000052
0.000058
0.000058
0.000049
0.000057
0.000047
0.000052
0.000050
0.033750
0.069223
0.425165
0.554616
0.643100
0.710256
0.775211
0.746174
0.754241
2.002478
0.763265
0.744845
0.751480
0.778457
0.704123
0.631951
0.533393
0.438340
0.406357
1.804050
0.530438
0.547048
0.572848
0.682515
0.732344
0.826326
0.914390
0.945971
0.834867
2.198852
0.486167
0.459143
0.392853
0.399421
0.429804
0.419642
0.379465
0.426341
0.419600
1.949609
0.405402
0.338520
0.235966
0.091258
0.066800
0.101043
0.128633
0.127285
0.296696
1.859617
0.450060
0.462820
0.499598
0.545769
0.546729
0.537982
0.510063
0.565436
0.635311
2.193020
0.591817
0.518473
0.424872
0.162991
0.401306
0.447219
0.539700
0.535792
0.677192
2.355368
0.808103
0.821203
0.746030
0.767926
0.802101
0.722899
0.688266
0.663061
0.514804
2.205535
0.370827
0.367098
0.368982
0.405526
0.431570
0.482611
0.480639
0.429660
0.414089
2.069341
0.319184
0.227815
0.100879
0.018238
0.072240
0.048808
0.054609
0.279580
0.408747
2.184883
0.558917
0.623307
0.700225
0.657245
0.713122
0.708654
0.692751
0.751370
0.721927
2.479167
0.552555
0.456073
0.277881
0.200485
0.330542
0.413744
0.558147
0.563576
0.611257
2.603666
0.861346
0.841405
0.870568
0.838245
0.870833
0.822254
0.679906
0.560798
0.397355
2.144268
0.063947
0.000184
0.000069
0.000071
0.041052
0.043634
0.020088
0.103386
0.391447
0.565690
0.698594
0.843697
0.983105
3.030302
1.045171
1.088751
1.083180
1.032504
0.986598
0.998271
1.019118
1.001662
0.910746
3.315052
0.734972
0.668955
0.697763
0.612993
0.385911
0.088312
2.395273
0.000066
0.000070
0.000066
0.000087
0.058119
0.328077
0.540139
0.613984
0.944973
0.937047
1.103704
1.055034
0.894757
3.449011
0.768352
0.592576
0.581590
0.596496
0.510526
0.569642
0.569133
0.673497
0.684614
3.295321
0.773775
0.884246
0.915565
0.776293
0.558438
0.429987
0.479436
0.367906
0.374317
2.855292
0.371766
0.360720
0.389173
0.409086
0.413062
0.433574
0.376648
0.379339
0.350539
2.959035
0.378631
0.423844
0.388150
0.424366
0.401626
0.432312
0.464968
0.486372
0.431392
3.153950
0.356395
0.379714
0.314383
0.206735
0.254764
0.339672
0.302357
0.483029
0.585175
3.243183
0.693022
0.761382
0.776021
0.782319
0.673658
0.567616
0.490742
0.438401
0.433316
3.305271
0.420906
0.534525
0.555605
0.558245
0.453918
0.405226
0.233564
0.192564
0.215035
2.929812
0.241463
0.266052
0.339244
0.535575
0.589620
0.628818
0.723491
0.665102
0.686495
3.439836
0.614414
0.595549
0.507879
0.384227
0.336745
0.276633
0.199110
0.046843
2.945901
0.000073
0.000104
0.000073
0.000071
0.000074
0.000093
0.152196
0.292080
0.376656
0.463756
0.628172
0.913260
0.969824
0.942028
0.862395
3.934052
0.848834
0.715802
0.674438
0.516906
0.417631
0.594089
0.674159
0.746828
0.750947
4.070031
0.791581
0.789211
0.776625
0.622048
0.414445
0.112425
0.037955
0.073980
0.207329
3.400022
0.300453
0.183227
0.325133
0.341143
0.615645
0.833511
0.963872
0.964604
0.982354
4.319126
0.999364
0.939541
1.005532
1.038582
1.004128
1.033097
1.033973
1.016070
0.881660
4.242232
0.785859
0.912653
0.984952
0.998210
1.105982
1.163551
1.196734
1.179214
1.258253
4.848008
0.928292
0.993209
0.914702
0.836018
0.713633
0.707267
0.749402
0.841996
0.962728
4.874262
1.059036
1.057755
1.082147
1.009241
0.966384
0.888884
0.765988
0.764188
0.842459
4.768712
0.932768
0.951233
1.054434
1.214187
1.201206
1.372770
1.477696
1.544674
1.653807
5.717467
1.651306
1.797382
1.654094
1.670007
1.677172
1.627877
1.605637
1.468646
1.323017
5.455082
0.977022
0.850046
0.900870
0.853787
0.828729
0.898087
1.046875
1.093260
1.217628
5.408227
1.115431
1.102052
1.072627
1.023942
0.820600
0.795381
0.758746
0.818952
0.908843
5.411953
1.236337
1.258843
1.346000
1.405298
1.357296
1.334127
1.386682
1.391836
1.330665
5.904560
1.346954
1.253237
1.136889
0.950393
1.007370
0.984649
0.831726
0.965527
0.950314
5.759001
0.887947
0.771261
0.727770
0.616458
0.551636
0.827250
0.912070
0.973736
1.045460
6.004091
1.185279
1.191347
1.184200
1.244328
1.308290
1.184728
1.109111
1.298805
1.356423
6.574151
1.262154
1.389377
1.198207
1.122435
1.172047
1.159694
1.090840
1.395309
1.404607
6.809941
1.469539
1.421620
1.352892
1.234579
1.166852
1.256854
1.293626
1.247278
1.032848
6.875073
1.310201
1.300856
1.352674
1.334201
1.386737
1.299123
1.271437
1.270751
0.993247
6.253825
0.174638
0.026552
0.064837
0.049174
0.000307
0.018914
0.000225
0.000100
0.004096
0.000112
0.000115
0.000116
0.017498
0.061232
0.122379
0.128235
0.099729
0.117468
0.134913
0.154497
0.152856
5.985146
0.151690
0.159536
0.126667
0.104933
0.092606
0.095448
0.130750
0.283207
0.304374
6.142345
0.345267
0.306497
0.308709
0.387993
0.392555
0.321955
0.185339
0.486278
0.580895
6.226645
0.554685
0.570544
0.269999
0.293834
0.399129
0.363919
0.499882
0.663957
0.691561
6.450335
0.748339
0.497961
0.283910
0.270789
0.314851
0.254278
0.172237
0.120055
5.711535
0.000127
0.000108
0.000106
0.000115
0.000107
0.000108
0.000108
0.000125
0.000111
0.000105
0.021517
0.127766
0.199425
0.612463
1.010758
1.247657
1.225041
1.228171
1.149427
7.049822
0.739403
0.284566
0.235168
0.502559
0.596341
0.697922
0.956878
1.082712
1.243046
7.195694
1.386458
1.725295
1.814750
2.037812
2.092163
2.125402
2.185694
2.098765
2.138497
8.624025
2.116229
2.217721
2.095084
2.163942
1.866830
1.786681
1.676016
1.477093
1.379933
8.559397
1.155163
1.229432
1.021792
0.926748
1.119233
1.205058
1.153789
1.075428
1.195748
8.269016
0.992981
1.099082
1.101332
1.271678
1.476404
1.565888
1.768052
1.905685
2.129561
9.963951
2.378581
2.348925
2.382063
2.445964
2.397123
2.523981
2.537482
2.357777
2.037951
9.698516
1.359752
1.407843
1.471424
1.317454
0.898049
0.611657
0.537043
0.468990
0.380802
7.986306
0.330609
0.187323
0.165672
0.166400
0.154415
0.143943
0.166932
0.162912
0.272699
8.147100
0.683077
0.704245
0.757029
1.040290
1.040898
1.031292
0.993281
0.885910
1.019016
9.158886
1.458588
1.886113
1.893048
1.634117
1.563390
1.602217
1.610910
1.638159
1.617999
