0.000003
0.000001
0.000001
0.000001
0.000002
0.000001
0.000001
0.000001
0.000001
0.000001
0.000001
0.000002
0.000002
0.000002
0.000001
0.000002
0.000002
0.000002
0.000001
0.000002
0.000002
0.000002
0.000001
0.000003
0.000002
0.000003
0.000001
0.000002
0.000003
0.000002
0.000002
0.000003
0.000003
0.000004
0.000003
0.000002
0.000003
0.000002
0.000003
0.000004
0.000003
0.000003
0.000002
0.000003
0.000004
0.000002
0.000004
0.000005
0.000002
0.000003
0.000005
0.000003
0.000005
0.000003
0.000003
0.000003
0.000003
0.000003
0.000002
0.000007
0.000004
0.000005
0.000004
0.000006
0.000005
0.000005
0.000004
0.000006
0.000005
0.000006
0.000003
0.000005
0.000005
0.000006
0.000005
0.000006
0.000003
0.000006
0.000003
0.000006
0.000006
0.000007
0.000006
0.000007
0.000004
0.000007
0.000003
0.000006
0.000007
0.000007
0.000004
0.000005
0.000008
0.000006
0.000003
0.000005
0.000007
0.000008
0.000003
0.000005
0.000005
0.000006
0.000008
0.000009
0.000010
0.000008
0.000011
0.000009
0.000005
0.000009
0.000010
0.000015
0.000009
0.000010
0.000003
0.000007
0.000010
0.000010
0.000006
0.000010
0.000009
0.000010
0.000011
0.000012
0.000005
0.000010
0.000010
0.000010
0.000011
0.000011
0.000011
0.000011
0.000006
0.000011
0.000009
0.000004
0.000010
0.000012
0.000012
0.000019
0.000005
0.000012
0.000005
0.000007
0.015427
0.050710
0.096958
0.105985
0.094015
0.105986
0.095229
0.101278
0.100776
0.126177
0.087483
0.086407
0.079158
0.090794
0.081565
0.074223
0.078959
0.076557
0.085439
0.131579
0.078745
0.077413
0.077098
0.076182
0.078284
0.079828
0.088874
0.094067
0.089182
0.121726
0.087726
0.102435
0.097495
0.097531
0.089180
0.078807
0.075782
0.084588
0.101799
0.139151
0.094115
0.094433
0.101841
0.095032
0.098312
0.100825
0.091733
0.083539
0.084464
0.130831
0.086446
0.088097
0.085844
0.087367
0.079961
0.091123
0.084487
0.086444
0.081991
0.151836
0.087728
0.090298
0.104483
0.103621
0.097422
0.092331
0.092498
0.090327
0.088953
0.147891
0.094743
0.091905
0.104732
0.094007
0.094609
0.091452
0.087463
0.083807
0.089684
0.149026
0.085716
0.079493
0.083840
0.078918
0.086171
0.080180
0.079960
0.079947
0.087030
0.160789
0.092814
0.075819
0.073513
0.081548
0.076609
0.075995
0.079449
0.091961
0.090525
0.170439
0.080545
0.084045
0.111357
0.091832
0.089754
0.103687
0.095722
0.091144
0.093619
0.197398
0.095183
0.088692
0.101839
0.087825
0.087677
0.100226
0.075252
0.095069
0.089694
0.177416
0.082321
0.069977
0.072832
0.075587
0.086515
0.103383
0.097205
0.082863
0.110105
0.208743
0.084868
0.084712
0.093090
0.092441
0.093213
0.092401
0.076664
0.091762
0.085193
0.183940
0.082249
0.092552
0.112756
0.095884
0.084099
0.118865
0.119966
0.098649
0.096663
0.293823
0.087300
0.092500
0.086141
0.075366
0.097150
0.095566
0.090441
0.085961
0.076797
0.201674
0.081589
0.078518
0.086225
0.082898
0.082741
0.091163
0.089580
0.094938
0.097955
0.212209
0.038614
0.000175
0.000026
0.000030
0.000028
0.000012
0.000024
0.000028
0.000028
0.096102
0.091469
0.089466
0.084665
0.085909
0.083112
0.076576
0.077935
0.080261
0.215929
0.084814
0.096034
0.087967
0.079509
0.090416
0.078863
0.078696
0.075498
0.095421
0.228191
0.090854
0.091720
0.107206
0.108342
0.091491
0.097991
0.089431
0.097660
0.100677
0.104871
0.095768
0.137743
0.111083
0.090253
0.096212
0.079195
0.091937
0.106242
0.090102
0.217964
0.097045
0.098066
0.101657
0.093976
0.093865
0.113615
0.106119
0.109823
0.101344
0.095862
0.093415
0.083948
0.096645
0.092528
0.113899
0.101412
0.095432
0.111969
0.111824
0.252584
0.103058
0.087712
0.089934
0.086859
0.095696
0.090157
0.106744
0.101768
0.095351
0.086849
0.080307
0.104941
0.102167
0.098236
0.099361
0.096237
0.113829
0.111164
0.100231
0.251467
0.112744
0.109579
0.094778
0.103853
0.110391
0.111094
0.096987
0.098237
0.099015
0.276024
0.100702
0.098182
0.092175
0.092289
0.094887
0.112280
0.101461
0.087145
0.092594
0.092627
0.087823
0.083782
0.094929
0.089789
0.092236
0.091540
0.098616
0.104680
0.094828
0.276270
0.106115
0.107492
0.092480
0.094559
0.101892
0.095883
0.102806
0.101857
0.111110
0.183039
0.110747
0.102567
0.095370
0.091214
0.090518
0.091590
0.090820
0.103285
0.087498
0.277425
0.080485
0.079751
0.090765
0.092423
0.087887
0.093108
0.095499
0.085059
0.095827
0.291549
0.088378
0.086164
0.090037
0.102317
0.083578
0.086422
0.077018
0.079505
0.087787
0.297864
0.088887
0.092099
0.085725
0.100466
0.201353
0.000040
0.000050
0.035522
0.033928
0.089353
0.095698
0.091786
0.082634
0.079691
0.080675
0.078005
0.300789
0.085672
0.085048
0.089752
0.097617
0.109956
0.090819
0.088196
0.086072
0.091844
0.315986
0.088615
0.089590
0.107197
0.091845
0.090764
0.093936
0.102288
0.101185
0.226502
0.000053
0.000050
0.000043
0.000053
0.000060
0.000050
0.000048
0.000042
0.000053
0.000046
0.000047
0.034946
0.074662
0.111471
0.094461
0.091984
0.079756
0.084896
0.089528
0.081500
0.318170
0.085371
0.085999
0.098931
0.093531
0.089537
0.090792
0.094957
0.098906
0.100612
0.340871
0.105504
0.102068
0.094616
0.091593
0.093189
0.091095
0.082839
0.093242
0.099801
0.343261
0.091743
0.093878
0.075325
0.087577
0.082244
0.082452
0.081831
0.080919
0.093632
0.407433
0.109628
0.096135
0.126553
0.056334
0.067929
0.081064
0.093898
0.088085
0.092480
0.383925
0.091852
0.072999
0.088125
0.079760
0.087566
0.082248
0.088824
0.092300
0.092843
0.098888
0.100844
0.089685
0.109152
0.080903
0.091299
0.091653
0.091084
0.090198
0.081568
0.087683
0.088060
0.093375
0.094936
0.089626
0.101422
0.085104
0.083192
0.090571
0.087042
0.096390
0.090303
0.088263
0.091280
0.094308
0.093280
0.092115
0.089235
0.092498
0.100907
0.346617
0.082709
0.088871
0.117922
0.000263
0.039283
0.053834
0.053760
0.087241
0.084417
0.080327
0.083733
0.108672
0.103016
0.107038
0.081491
0.099996
0.089751
0.097961
0.092926
0.091457
0.094433
0.097590
0.099253
0.094269
0.101981
0.096833
0.089925
0.092610
0.096533
0.092230
0.096938
0.091582
0.092715
0.360813
0.096477
0.103198
0.099384
0.100564
0.096661
0.107314
0.060176
0.000558
0.000077
0.020985
0.058014
0.061194
0.041172
0.098023
0.102139
0.091750
0.092132
0.091464
0.377255
0.090240
0.100069
0.085093
0.102926
0.103614
0.094754
0.097786
0.095648
0.093218
0.390013
0.098887
0.094178
0.086248
0.095674
0.089775
0.109667
0.089730
0.000650
0.000064
0.000063
0.000063
0.000068
0.063243
0.098651
0.089205
0.092195
0.090373
0.092910
0.097450
0.113458
0.097769
0.409490
0.109406
0.096300
0.091041
0.102605
0.093998
0.098706
0.085349
0.092757
0.091603
0.087183
0.080824
0.097584
0.099017
0.096346
0.094077
0.086103
0.091847
0.096697
0.091115
0.424851
0.097083
0.094259
0.090794
0.094306
0.091675
0.091895
0.093615
0.089935
0.085431
0.088909
0.082804
0.078382
0.076404
0.085378
0.083918
0.088560
0.086591
0.088280
0.081531
0.414582
0.089568
0.090810
0.078935
0.079783
0.094420
0.093053
0.094285
0.093895
0.083434
0.087038
0.088134
0.090206
0.078308
0.079053
0.086169
0.082148
0.081577
0.084322
0.084445
0.411651
0.081462
0.096723
0.090694
0.103562
0.094286
0.103795
0.094682
0.090751
0.091743
0.422814
0.094885
0.102735
0.089962
0.095655
0.091819
0.095586
0.094537
0.089380
0.090165
0.415642
0.079129
0.082935
0.085216
0.091577
0.097424
0.101554
0.100456
0.048482
0.344091
0.000072
0.000079
0.000085
0.000072
0.000070
0.000087
0.116823
0.095148
0.092560
0.086082
0.102676
0.092685
0.100475
0.091152
0.088506
0.437989
0.090130
0.101034
0.091830
0.086703
0.096282
0.092113
0.085502
0.086258
0.077112
0.450788
0.086607
0.081505
0.097991
0.091466
0.092248
0.038299
0.042365
0.041921
0.101981
0.105493
0.111270
0.114864
0.105691
0.112344
0.112056
0.086167
0.112684
0.084816
0.077743
0.082783
0.084531
0.077468
0.086058
0.078877
0.078892
0.083413
0.086862
0.086847
0.087438
0.467650
0.091834
0.095852
0.090872
0.086969
0.089032
0.089475
0.083265
0.084784
0.086443
0.473599
0.086834
0.093214
0.087889
0.089609
0.102927
0.081038
0.134624
0.092245
0.099490
0.465961
0.077602
0.080878
0.078475
0.102268
0.119803
0.095439
0.092482
0.085202
0.087594
0.477401
0.092586
0.088168
0.087392
0.082250
0.091789
0.083561
0.095259
0.088040
0.096791
0.490478
0.091891
0.088788
0.099083
0.095161
0.087895
0.093347
0.084685
0.114600
0.091942
0.080314
0.092652
0.092237
0.086637
0.090532
0.083172
0.083270
0.087794
0.079327
0.082518
0.090966
0.084156
0.083024
0.078252
0.102436
0.114880
0.151092
0.090939
0.104854
0.112799
0.100726
0.093333
0.092606
0.093152
0.084949
0.089794
0.091341
0.090881
0.090176
0.092509
0.495456
0.086335
0.080728
0.094090
0.085227
0.096889
0.081534
0.086760
0.080335
0.087746
0.115509
0.097021
0.086701
0.090127
0.078951
0.077719
0.088953
0.078916
0.080844
0.078513
0.081368
0.088664
0.075560
0.074243
0.078842
0.089237
0.079496
0.091432
0.101981
0.094648
0.091015
0.093258
0.076760
0.082440
0.080077
0.091673
0.098797
0.079405
0.102173
0.094796
0.097061
0.093211
0.095383
0.088901
0.092031
0.097616
0.097829
0.102261
0.096755
0.104097
0.526813
0.090236
0.086780
0.081365
0.080839
0.090179
0.077788
0.078172
0.092530
0.093286
0.533322
0.108061
0.113076
0.100188
0.123015
0.022896
0.090677
0.074794
0.000559
0.021614
0.019085
0.053010
0.023209
0.061509
0.120073
0.109467
0.110846
0.097624
0.533264
0.098836
0.093829
0.092023
0.086831
0.095062
0.092583
0.092221
0.088374
0.091843
0.528529
0.085469
0.085796
0.088016
0.089018
0.087340
0.113943
0.085721
0.092251
0.093186
0.093925
0.082177
0.085691
0.101017
0.088010
0.091390
0.094549
0.089983
0.089821
0.086437
0.094109
0.085314
0.082124
0.081457
0.100890
0.090939
0.092440
0.091464
0.080688
0.102354
0.094957
0.080346
0.085618
0.000311
0.000113
0.000103
0.000127
0.000092
0.000111
0.000104
0.000097
0.000110
0.000097
0.000104
0.097705
0.099184
0.101593
0.104360
0.095626
0.112042
0.088754
0.103059
0.098027
0.093648
0.091478
0.093748
0.110034
0.105824
0.082999
0.093331
0.091262
0.087794
0.114433
0.098732
0.091780
0.096921
0.090748
0.091569
0.092934
0.095759
0.091936
0.094215
0.095542
0.550169
0.087790
0.087228
0.089132
0.097106
0.094642
0.090717
0.095281
0.093189
0.099653
0.576899
0.092694
0.093735
0.089526
0.093736
0.126491
0.081296
0.079611
0.084658
0.086281
0.583473
0.094208
0.102693
0.110233
0.086646
0.094350
0.099876
0.087063
0.090055
0.086902
0.621285
0.088316
0.097746
0.082498
0.082353
0.099054
0.091958
0.100880
0.108479
0.098736
0.607186
0.089766
0.098720
0.092451
0.095164
0.089627
0.101121
0.103514
0.092028
0.085049
0.079967
0.087862
0.082005
0.086138
0.069233
0.078105
0.067936
0.073939
0.079630
0.087663
0.098889
0.090601
0.090796
0.089677
0.087767
0.083407
0.084994
0.089473
0.089970
0.091581
0.131989
0.089411
0.095280
0.120035
0.085705
0.085444
0.088494
0.088420
0.087427
0.089126
