0.000003
0.000001
0.000000
0.000000
0.000001
0.000001
0.000000
0.000001
0.000001
0.000002
0.000001
0.000001
0.000001
0.000001
0.000000
0.000002
0.000002
0.000001
0.000001
0.000001
0.000001
0.000001
0.000002
0.000002
0.000002
0.000002
0.000003
0.000002
0.000002
0.000002
0.000003
0.000001
0.000002
0.000003
0.000002
0.000003
0.000001
0.000003
0.000003
0.000004
0.000002
0.000004
0.000003
0.000004
0.000004
0.000004
0.000004
0.000004
0.000004
0.000002
0.000004
0.000004
0.000005
0.000002
0.000004
0.000002
0.000002
0.000004
0.000004
0.000002
0.000004
0.000005
0.000002
0.000006
0.000004
0.000003
0.000002
0.000006
0.000002
0.000002
0.000002
0.000005
0.000006
0.000007
0.000002
0.000007
0.000006
0.000007
0.000006
0.000007
0.000006
0.000006
0.000007
0.000003
0.000006
0.000003
0.000008
0.000007
0.000008
0.000009
0.000008
0.000008
0.000007
0.000004
0.000010
0.000008
0.000008
0.000004
0.000004
0.000009
0.000004
0.000009
0.000009
0.000004
0.000007
0.000009
0.000008
0.000009
0.000008
0.000010
0.000009
0.000004
0.000011
0.000009
0.000003
0.000010
0.000012
0.000006
0.000010
0.000010
0.000004
0.000010
0.000011
0.000004
0.000004
0.000011
0.000010
0.000010
0.000010
0.000010
0.000014
0.000003
0.000009
0.000011
0.000011
0.000004
0.000010
0.000012
0.000012
0.000011
0.000010
0.000012
0.000005
0.000004
0.015989
0.056329
0.091027
0.092817
0.083818
0.085669
0.092022
0.092792
0.081553
0.116765
0.086884
0.075910
0.069101
0.078336
0.079531
0.074112
0.074108
0.069730
0.076046
0.113626
0.073326
0.065306
0.076590
0.082292
0.088655
0.079288
0.082345
0.080424
0.089318
0.131420
0.086675
0.096104
0.096256
0.092103
0.090725
0.078323
0.075322
0.092439
0.095054
0.140692
0.095235
0.094698
0.091771
0.093351
0.095080
0.096203
0.093937
0.095793
0.092719
0.135712
0.082029
0.082870
0.074558
0.084412
0.075854
0.084090
0.088792
0.092748
0.082186
0.149319
0.078995
0.087803
0.082687
0.078911
0.079508
0.088164
0.088984
0.091246
0.102087
0.166658
0.089569
0.092735
0.093237
0.088816
0.090975
0.082170
0.086093
0.080234
0.083238
0.161585
0.091340
0.082445
0.081666
0.080805
0.089434
0.083929
0.086186
0.080575
0.080006
0.178747
0.076802
0.075690
0.086691
0.082648
0.079815
0.093220
0.096555
0.087834
0.097757
0.194785
0.090765
0.095047
0.099600
0.102141
0.101262
0.102063
0.094923
0.100701
0.099811
0.196367
0.101296
0.093772
0.082224
0.088919
0.080897
0.077248
0.079096
0.082901
0.080137
0.189135
0.085560
0.083485
0.085375
0.084491
0.091050
0.087060
0.082422
0.082906
0.093667
0.213192
0.094274
0.094311
0.095107
0.090006
0.092709
0.098759
0.093339
0.092939
0.093283
0.219979
0.092374
0.089736
0.094980
0.093747
0.090290
0.081831
0.093339
0.092890
0.092533
0.233476
0.092540
0.094826
0.090773
0.092300
0.091269
0.086558
0.078610
0.077873
0.076290
0.225226
0.072924
0.076808
0.077465
0.081170
0.082836
0.089074
0.092695
0.090928
0.092834
0.239758
0.016781
0.000161
0.000028
0.000034
0.000035
0.000032
0.000030
0.000034
0.000032
0.104635
0.094867
0.095310
0.085062
0.086503
0.079152
0.073529
0.078831
0.085979
0.250703
0.088055
0.092252
0.096799
0.089433
0.078718
0.071954
0.076812
0.079434
0.083343
0.264814
0.090398
0.091209
0.105319
0.097573
0.091532
0.096072
0.083970
0.095147
0.102340
0.100528
0.092357
0.109342
0.101127
0.095644
0.103081
0.093251
0.099553
0.083427
0.090766
0.290362
0.094212
0.099404
0.098139
0.090931
0.102499
0.109081
0.106104
0.105840
0.098675
0.312428
0.107086
0.091046
0.095020
0.103165
0.094486
0.094743
0.094354
0.114190
0.102992
0.313300
0.101712
0.093707
0.083064
0.085804
0.093013
0.095108
0.106536
0.084027
0.089924
0.296138
0.077407
0.093618
0.148705
0.147321
0.149410
0.142538
0.157006
0.091137
0.100525
0.310417
0.060570
0.079450
0.094122
0.091605
0.097807
0.102159
0.116734
0.172859
0.149199
0.486745
0.082117
0.080346
0.079595
0.084602
0.087925
0.082007
0.000504
0.088703
0.091523
0.099529
0.095225
0.165953
0.167401
0.172948
0.169986
0.167492
0.408308
0.094436
0.088956
0.082937
0.089291
0.093656
0.122572
0.169826
0.182028
0.176367
0.601585
0.165507
0.156696
0.409111
0.147974
0.156636
0.161781
0.082222
0.093738
0.036040
0.095889
0.108218
0.098912
0.349546
0.089179
0.153733
0.147154
0.133414
0.156637
0.160488
0.153683
0.141916
0.155451
0.561726
0.125529
0.089851
0.075450
0.074552
0.076034
0.078137
0.078584
0.081795
0.095833
0.356684
0.084695
0.080960
0.087890
0.087610
0.000294
0.000054
0.000049
0.017746
0.040596
0.103087
0.160181
0.158590
0.156181
0.157124
0.118705
0.135176
0.552183
0.079695
0.078895
0.080468
0.072746
0.081548
0.073544
0.079715
0.087944
0.089588
0.392216
0.094161
0.090088
0.104379
0.097271
0.099813
0.158606
0.165393
0.177999
0.322662
0.000054
0.000053
0.000059
0.000048
0.004039
0.000058
0.000053
0.000059
0.000054
0.000053
0.000061
0.035182
0.076990
0.102939
0.094860
0.101183
0.102145
0.095590
0.107958
0.093120
0.420466
0.086097
0.089521
0.098652
0.090358
0.092726
0.110516
0.111020
0.113018
0.104617
0.440989
0.106010
0.098460
0.094698
0.139251
0.169758
0.165853
0.168027
0.153502
0.148210
0.520386
0.074020
0.075226
0.074955
0.078058
0.074248
0.075147
0.073823
0.074349
0.083441
0.479691
0.090802
0.095592
0.102951
0.019523
0.027024
0.037552
0.090320
0.102720
0.086306
0.465068
0.097637
0.086870
0.088198
0.087706
0.087531
0.136445
0.093112
0.083245
0.079876
0.478829
0.082220
0.092533
0.082762
0.077387
0.095814
0.089808
0.081590
0.081003
0.082450
0.448882
0.087883
0.077660
0.082269
0.086489
0.088785
0.080184
0.081412
0.074702
0.071902
0.449874
0.071185
0.083527
0.074878
0.076278
0.083964
0.090264
0.084517
0.086608
0.081552
0.479678
0.082693
0.088037
0.078476
0.029076
0.000282
0.052116
0.075158
0.092019
0.095347
0.094262
0.097908
0.107074
0.100434
0.170619
0.087348
0.084147
0.100373
0.098811
0.091256
0.148554
0.152929
0.149349
0.148722
0.136164
0.086252
0.079923
0.079532
0.090434
0.097202
0.095212
0.093305
0.094232
0.105010
0.094548
0.520143
0.092965
0.093243
0.086323
0.090665
0.017119
0.017391
0.411066
0.000067
0.000067
0.039992
0.040021
0.039281
0.107331
0.108159
0.109276
0.117303
0.098527
0.097609
0.547347
0.103711
0.099381
0.112720
0.103368
0.102246
0.106727
0.096153
0.098931
0.091465
0.537120
0.092769
0.087343
0.154907
0.202924
0.184465
0.168145
0.000645
0.000073
0.000076
0.000103
0.000079
0.093338
0.165125
0.093670
0.096937
0.094695
0.096027
0.168957
0.166206
0.163290
0.797250
0.092957
0.088330
0.079413
0.091694
0.085354
0.081903
0.081189
0.091372
0.085001
0.571331
0.092972
0.096398
0.085948
0.085630
0.097166
0.077291
0.082633
0.125596
0.118728
0.930961
0.128237
0.113352
0.127599
0.143366
0.515678
0.000073
0.080215
0.103937
0.083794
0.086018
0.084444
0.089027
0.083786
0.081300
0.091236
0.611322
0.050867
0.000220
0.000091
0.026382
0.043033
0.099836
0.091873
0.092380
0.105185
0.111739
0.089843
0.092845
0.094148
0.092843
0.089057
0.087044
0.086892
0.082914
0.080781
0.085005
0.077577
0.083149
0.603495
0.088465
0.089313
0.091670
0.097968
0.106562
0.523555
0.153311
0.153807
0.820290
0.117089
0.147571
0.156718
0.165765
0.157151
0.156894
0.149369
0.146384
0.159620
0.625375
0.083938
0.087246
0.084372
0.083367
0.087088
0.087677
0.087649
0.099267
0.104744
0.593212
0.000107
0.000119
0.000089
0.000096
0.000081
0.000085
0.000090
0.114979
0.099527
0.092776
0.086981
0.090001
0.114030
0.096838
0.091449
0.109673
0.151893
0.155353
0.083824
0.079594
0.088503
0.090991
0.088692
0.082447
0.106238
0.091718
0.693152
0.092737
0.110463
0.095318
0.100255
0.097740
0.075659
0.037833
0.069235
0.164708
0.699865
0.113739
0.106051
0.102038
0.117579
0.109873
0.106629
0.098515
0.089802
0.087405
0.676093
0.100476
0.138098
0.160155
0.088487
0.095680
0.085222
0.088519
0.093681
0.089996
0.693443
0.088237
0.179917
0.127257
0.096052
0.098659
0.094872
0.104898
0.099683
0.098264
0.725516
0.094918
0.095000
0.111067
0.108261
0.104132
0.168077
0.176196
0.174553
0.160267
0.868205
0.087659
0.081796
0.085081
0.086460
0.083870
0.086170
0.073758
0.083937
0.157292
0.106119
0.093778
0.095129
0.103477
0.100351
0.096893
0.098188
0.158327
0.163845
0.155621
1.111656
0.086262
0.086604
0.107345
0.092283
0.093520
0.093472
0.102441
0.091919
0.090393
0.741856
0.098614
0.165419
0.174773
0.086902
0.095610
0.085598
0.093612
0.091983
0.092084
0.769415
0.090216
0.085197
0.099142
0.084232
0.093348
0.098810
0.175539
0.109391
0.100991
0.104513
0.102369
0.097407
0.091093
0.093542
0.103142
0.077507
0.092923
0.102086
0.091328
0.945852
0.106644
0.099756
0.108082
0.096745
0.101515
0.095033
0.096573
0.095035
0.095304
0.812187
0.099358
0.099524
0.105106
0.092627
0.100636
0.088367
0.081904
0.086283
0.114375
0.079521
0.082730
0.126255
0.131931
0.148795
0.145403
0.148004
0.149192
0.116959
0.105094
0.873766
0.087656
0.083122
0.085885
0.086597
0.095425
0.092323
0.097421
0.101151
0.108245
0.830288
0.118706
0.095442
0.093708
0.095672
0.097291
0.104417
0.105376
0.097348
0.107810
0.932041
0.102392
0.097545
0.100452
0.104657
0.110755
0.092736
0.086417
0.098981
0.095013
1.253995
0.092253
0.045198
0.021667
0.022177
0.000264
0.000125
0.000106
0.000098
0.000133
0.000125
0.000109
0.000159
0.039895
0.106611
0.099940
0.105939
0.103948
0.096037
0.085831
0.097851
0.090213
0.879948
0.100988
0.097704
0.109688
0.085224
0.094210
0.085812
0.092092
0.089401
0.091707
0.925550
0.093294
0.092087
0.097828
0.163359
0.153621
0.148186
0.143680
0.078366
0.091894
0.089355
0.113161
0.081634
0.076146
0.074360
0.088056
0.086545
0.084269
0.098843
0.075612
0.951581
0.081507
0.086157
0.111395
0.090151
0.082275
0.086110
0.137018
0.150175
0.095334
0.000802
0.000118
0.000124
0.000109
0.000119
0.000101
0.000110
0.000252
0.000108
0.000115
0.104710
0.096951
0.120585
0.105033
0.099392
0.098084
0.103514
0.088021
0.095597
0.096877
0.099908
0.095568
0.090354
0.154394
0.085231
0.081852
0.137019
0.132813
0.145453
0.995610
0.080656
0.077010
0.071381
0.072311
0.072462
0.084287
0.084902
0.165936
0.141854
1.061409
0.087684
0.096185
0.100219
0.106515
0.092382
0.153659
0.130871
0.095516
0.088669
0.951519
0.067679
0.085068
0.076705
0.076733
0.083602
0.078786
0.090450
0.088855
0.077979
1.005875
0.079505
0.076090
0.086620
0.083489
0.084496
0.077937
0.089784
0.081844
0.082134
0.979181
0.089159
0.131393
0.092245
0.096854
0.088517
0.123032
0.085678
0.101157
0.102489
1.032322
0.086218
0.093063
0.176300
0.171795
0.131358
0.156462
0.110460
0.087662
0.087745
0.081728
0.078135
0.077091
0.076678
0.067136
0.070074
0.099171
0.069555
0.086109
0.098775
0.087980
0.084542
0.153954
0.152836
0.138928
0.130595
0.142826
0.130614
0.140855
0.100740
0.968394
0.088007
0.094016
0.088364
0.087074
0.082506
0.080858
0.086034
0.086423
0.090050
